null
136
138
105
115
106
106
129
139
125
106
125
109
107
153
108
126
123
103
112
144
103
127
106
126
125
142
121
127
126
111
126
144
108
128
105
130
125
152
109
110
109
106
108
143
144
152
147
149
154
147
154
155
111
108
114
106
106
153
154
154
169
163
161
154
150
132
126
127
129
106
131
125
128
114
130
129
141
114
108
110
105
110
137
110
131
109
131
105
147
144
148
149
120
151
150
147
150
151
149
138
139
142
140
140
139
139
151
139
149
142
142
141
138
118
144
147
137
138
134
142
137
146
150
141
142
138
142
155
154
135
154
113
105
111
111
109
141
131
125
128
111
133
150
115
108
105
113
116
154
110
115
114
107
134
153
148
154
147
148
153
146
150
150
151
144
145
144
146
141
148
149
154
146
147
150
143
152
147
147
139
150
152
142
154
149
151
144
153
146
150
147
145
150
148
139
129
106
106
107
113
108
103
118
109
114
114
119
101
116
114
151
152
110
108
115
115
116
146
109
102
121
113
115
114
118
109
110
101
101
97
101
98
102
104
101
99
99
98
91
96
94
98
89
97
92
89
93
95
96
91
101
90
89
92
97
87
94
93
94
95
100
115
108
99
102
119
110
108
100
96
102
101
102
103
107
107
105
95
103
103
113
116
106
107
109
104
110
112
102
153
110
120
127
126
127
152
119
128
105
105
124
129
156
163
111
113
113
114
113
157
108
112
106
109
112
154
153
153
153
157
160
157
143
146
138
143
147
141
145
153
147
152
151
155
149
154
155
154
145
142
153
154
148
144
153
147
148
150
142
107
108
125
128
105
149
140
128
105
126
128
128
183
152
110
113
111
107
106
135
111
128
127
129
133
144
139
134
138
141
135
144
133
133
139
135
138
133
145
133
140
130
138
134
133
145
136
144
140
141
147
142
145
147
152
144
146
132
134
134
132
134
128
131
129
131
134
194
130
133
134
134
134
179
116
114
115
116
110
203
123
124
133
132
127
127
189
122
116
130
120
118
185
193
187
185
196
184
175
177
169
160
165
179
172
172
169
171
161
170
184
193
196
198
197
191
191
190
176
184
175
178
177
172
180
175
181
176
205
145
150
151
202
130
136
118
135
140
201
133
134
126
129
124
204
139
134
133
141
135
209
139
130
132
128
130
205
212
201
204
208
206
207
204
200
196
194
196
194
195
195
196
192
187
199
196
199
196
203
202
195
195
197
194
193
195
194
202
203
198
124
204
202
204
208
198
204
202
190
123
123
122
125
124
190
117
119
116
121
115
198
124
117
125
126
124
189
125
127
120
150
117
197
198
197
194
198
190
198
188
193
184
188
186
183
188
188
183
189
188
188
196
194
193
191
190
188
186
192
190
192
193
189
193
192
193
190
190
189
186
184
180
116
126
120
125
121
127
190
109
120
121
121
122
187
146
115
117
112
111
164
178
112
112
111
112
114
185
186
189
191
189
163
184
186
191
185
184
171
170
171
167
169
166
178
169
169
175
175
179
181
173
177
170
168
174
172
166
177
173
180
176
169
166
171
172
169
170
201
186
124
121
126
138
122
188
123
120
122
117
121
201
201
130
189
122
120
123
122
127
182
146
120
119
118
118
146
181
115
190
189
185
127
181
169
174
171
181
189
185
175
187
183
185
172
176
187
181
136
187
191
189
184
180
170
187
174
182
155
164
159
174
176
171
163
163
163
163
161
182
164
190
